# Bundle file v0.3
5 36
3282.61157227 0 0
0.90147347315 0.0654750715534 -0.427853642053
0.0638552124073 -0.997793964438 -0.0181531743253
-0.428098518969 -0.0109560927713 -0.903665739928
0.0958680175277 0.0015908565053 -0.124371912012
3282.61157227 0 0
0.982812619481 -0.0156081239708 -0.183944932355
-0.00366670531817 -0.997873084615 0.0650805382854
-0.184569517751 -0.0632875099767 -0.980779449137
-1.09520835403 -0.326767535094 -0.528315521003
3282.61157227 0 0
1.00000037262 1.21309418066e-008 2.90211741305e-008
-1.21309418066e-008 -0.999999464196 -8.11525990851e-009
-2.90211741305e-008 -8.11525990851e-009 -1.00000006967
-1.36906134325 0.212298877482 -3.02445412028
3282.61157227 0 0
0.679867859855 0.126587806027 0.722326189279
0.113552497138 -0.991280366102 0.0668443715354
0.724490022292 0.0365766146822 -0.688314272499
-4.43393364845 0.0443863118032 -5.02145615232
3282.61157227 0 0
0.813551322381 0.108995958162 0.571186266253
0.127109928064 -0.991854222319 0.00822449401738
0.567430071298 0.0659123654429 -0.820779175959
-3.8973949215 0.036098447874 -3.21716109852
2.05752567378 1.03682454602 3.65685378925
155 163 179
5 0 0 345.469482422 -736.016357422 1 0 171.469482422 -815.864501953 2 0 328.469482422 -394.665405273 3 0 -141.530517578 -273.895080566 4 0 -13.5305175781 -450.559143066
1.62334157883 0.694435350152 3.73596071023
138 146 163
5 0 24 5.46948242188 -511.443389893 1 8 -141.530517578 -568.335205078 2 16 118.469482422 -229.97857666 3 12 -276.530517578 -107.212028503 4 8 -223.530517578 -253.933044434
1.87346989491 0.69183678828 3.74586354305
131 139 156
5 0 25 173.469482422 -484.494628906 1 9 35.4694824219 -559.352294922 2 17 236.469482422 -227.982376099 3 13 -192.530517578 -94.2367019653 4 9 -98.5305175781 -238.961502075
1.88584090209 0.936836405881 3.6789555416
141 148 168
5 0 26 219.469482422 -679.124511719 1 10 48.4694824219 -744.999267578 2 18 245.469482422 -345.758453369 3 14 -197.530517578 -223.989959717 4 10 -100.530517578 -392.669250488
1.63384701242 0.939537547554 3.66657955271
166 173 193
5 0 27 50.4694824219 -712.061889648 1 11 -131.530517578 -756.976501465 2 19 125.469482422 -347.754608154 3 15 -284.530517578 -233.970993042 4 11 -226.530517578 -403.648345947
2.04655662653 0.502182536294 3.81172026022
138 146 161
5 0 36 252.469482422 -322.802093506 1 20 148.469482422 -413.629364014 2 28 317.469482422 -137.155090332 3 36 -119.530517578 18.5488357544 4 20 -0.530517578125 -108.210136414
2.2958883203 0.505584403698 3.82099982723
119 125 143
5 0 37 404.469482422 -305.834350586 1 21 315.469482422 -410.635070801 2 29 433.469482422 -138.153198242 3 37 -25.5305175781 32.5222663879 4 21 134.469482422 -92.2404937744
2.30555059116 0.745511073461 3.74601044561
150 157 177
5 0 38 451.469482422 -484.494628906 1 22 331.469482422 -587.299133301 2 30 442.469482422 -251.936828613 3 38 -35.5305175781 -101.223419189 4 22 130.469482422 -248.942520142
2.05470038509 0.744126939755 3.7439154416
144 151 167
5 0 39 295.469482422 -506.452850342 1 23 160.469482422 -593.287719727 2 31 323.469482422 -251.936828613 3 39 -127.530517578 -113.200637817 4 23 -3.53051757813 -261.91784668
0.78141239591 0.92051160933 3.60943709815
142 153 172
4 0 16 -601.530517578 -817.860717773 1 28 -774.530517578 -779.932800293 2 4 -283.530517578 -343.762237549 3 4 -542.530517578 -250.938735962
1.03690019719 0.922318804345 3.63173609957
124 131 151
4 0 17 -393.530517578 -780.930969238 1 29 -574.530517578 -767.955627441 2 5 -160.530517578 -342.764129639 3 5 -469.530517578 -243.952011108
1.0402385148 1.16761006572 3.55742522686
135 144 162
4 0 18 -355.530517578 -1003.50769043 1 30 -572.530517578 -967.57598877 2 6 -159.530517578 -464.532592773 3 6 -480.530517578 -364.722381592
0.50388300158 0.486278924243 3.68973279755
133 142 160
4 0 5 -890.530517578 -462.536376953 1 33 -987.530517578 -440.578125 2 33 -414.530517578 -134.16078186 3 17 -604.530517578 -57.3069229126
0.50800116767 0.730010214693 3.62358430878
159 169 189
4 0 6 -859.530517578 -688.107421875 1 34 -989.530517578 -636.206115723 2 34 -416.530517578 -252.934936523 3 18 -613.530517578 -170.092468262
0.974442744562 0.405056928574 3.75635604856
101 108 125
5 0 32 -506.530517578 -339.769805908 1 36 -619.530517578 -364.722381592 2 40 -188.530517578 -94.2367019653 3 28 -470.530517578 4.57540607452 4 16 -512.530517578 -119.189254761
1.22621610888 0.410291158615 3.76703860803
108 114 133
5 0 33 -311.530517578 -321.803985596 1 37 -430.530517578 -363.724273682 2 41 -69.5305175781 -96.2329101563 3 29 -399.530517578 15.5545282364 4 17 -406.530517578 -107.212028503
1.22700944847 0.656501981684 3.71552592086
140 148 165
5 0 34 -281.530517578 -526.414916992 1 38 -430.530517578 -551.367431641 2 42 -70.5305175781 -213.010848999 3 30 -403.530517578 -104.217720032 4 18 -409.530517578 -249.940628052
0.97232347785 0.64886407125 3.69281707371
135 144 163
5 0 35 -477.530517578 -549.371276855 1 39 -623.530517578 -554.361755371 2 43 -190.530517578 -209.018447876 3 31 -479.530517578 -113.200637817 4 19 -522.530517578 -257.925445557
1.54714277391 -0.727174567541 3.24334667587
125 120 114
3 0 59 49.4694824219 678.294372559 1 59 -133.530517578 504.624572754 2 67 91.4694824219 478.673919678
2.88558277981 0.8721372838 3.73493918011
144 148 161
4 0 31 799.469482422 -519.428222656 3 35 198.469482422 -144.141799927 1 19 714.469482422 -662.156799316 4 35 473.469482422 -301.841949463
3.13441701283 0.876084560838 3.74973329676
151 155 167
3 0 30 927.469482422 -499.466156006 3 34 316.469482422 -133.162689209 1 18 869.469482422 -657.166320801
3.12458571054 0.629462250436 3.80909387832
146 147 164
3 0 29 884.469482422 -331.785003662 3 33 316.469482422 18.5488357544 1 17 851.469482422 -483.496520996
2.87595384441 0.627296694906 3.79867154182
165 167 181
4 0 28 754.469482422 -347.754608154 3 32 202.469482422 1.58109998703 1 16 697.469482422 -486.490814209 4 32 469.469482422 -132.164581299
3.29314189838 0.981427719418 3.71500309707
162 165 181
3 0 11 1031.46948242 -558.354187012 3 23 383.469482422 -193.048812866 1 15 977.469482422 -729.029663086
3.54944234365 0.991176677745 3.73725257097
197 201 214
3 0 10 1151.46948242 -539.390258789 3 22 515.469482422 -185.063995361 1 14 1127.46948242 -724.0390625
3.54550286046 0.743336138012 3.80402085031
137 139 155
3 0 9 1105.46948242 -376.699584961 3 21 519.469482422 -23.3714523315 1 13 1110.46948242 -550.369384766
3.2871188882 0.737771002774 3.78416995604
140 141 159
3 0 8 985.469482422 -391.671142578 3 20 389.469482422 -38.3429832458 1 12 957.469482422 -556.357971191
2.50464869823 1.09916768238 3.64821864814
177 184 197
5 0 23 628.469482422 -730.027709961 3 11 24.4694824219 -294.855224609 1 7 477.469482422 -844.809448242 2 11 542.469482422 -422.61227417 4 27 231.469482422 -477.507904053
2.75302997426 1.10416742469 3.66374023835
159 166 175
4 0 22 768.469482422 -703.078979492 3 10 130.469482422 -288.866607666 1 6 641.469482422 -836.824645996 4 26 385.469482422 -472.51739502
2.15269531022 -0.797201023339 3.07415932662
142 131 127
3 0 63 576.469482422 748.161499023 2 75 411.469482422 521.592285156 1 67 390.469482422 550.537231445
1.80003026865 -0.7256970468 3.23625466393
122 115 109
3 0 58 247.469482422 672.305725098 2 66 221.469482422 478.673919678 1 58 72.4694824219 496.63973999
2.74155528193 0.856970038412 3.73064579992
141 144 160
4 0 21 719.469482422 -523.420593262 3 9 136.469482422 -143.143692017 1 5 623.469482422 -656.168151855 4 25 383.469482422 -299.845733643
2.49228863539 0.853367357395 3.71842353311
184 187 203
5 0 20 579.469482422 -545.378845215 3 8 31.4694824219 -154.122833252 1 4 459.469482422 -662.156799316 2 8 532.469482422 -303.838134766 4 24 232.469482422 -310.824859619
2.06236745433 1.28349675314 3.58169487246
154 161 174
5 0 3 391.469482422 -934.638671875 3 3 -152.530517578 -408.63885498 1 3 182.469482422 -1006.50201416 2 3 334.469482422 -515.435791016 4 3 -22.5305175781 -612.251708984
2.31609286962 1.29040088625 3.58550171099
143 148 165
5 0 2 551.469482422 -902.69934082 3 2 -60.5305175781 -407.64074707 1 2 357.469482422 -1000.5133667 4 2 116.469482422 -613.249816895 2 2 456.469482422 -517.432006836
2.30977257148 1.04077036549 3.65459885637
150 153 170
5 0 1 506.469482422 -711.063842773 3 1 -50.5305175781 -267.906463623 1 1 345.469482422 -808.877746582 2 1 449.469482422 -395.663513184 4 1 120.469482422 -445.568634033
