# Camera parameter file. 

# The format of each camera is as follows:
# Filename (of the undistorted image in visualize folder)
# Original filename
# Focal Length (of the undistorted image)
# 2-vec Principal Point (image center)
# 3-vec Translation T (as in P = K[R T])
# 3-vec Camera Position C (as in P = K[R -RC])
# 3-vec Axis Angle format of R
# 4-vec Quaternion format of R
# 3x3 Matrix format of R
# [Normalized radial distortion] = [radial distortion] * [focal length]^2
# 3-vec Lat/Lng/Alt from EXIF

# The nubmer of cameras in this reconstruction
5

00000000.jpg
C:\cv_assignment_5\images\KakaoTalk_20240530_125615705_13.jpg
3282.61157227
2024.03051758 1453.08410645
0.0958680175277 -0.0015908565053 0.124371912012
-0.139767449496 -0.00605225033307 -0.0713442615091
-0.00372159702862 -0.442611216112 -0.0668764410801
0.975055533997 -0.00184530042216 -0.219462412954 -0.0331597225623
0.90147347315 0.0654750715534 -0.427853642053
-0.0638552124073 0.997793964438 0.0181531743253
0.428098518969 0.0109560927713 0.903665739928
0
35.8875916667 128.612655556 52.9039859614

00000001.jpg
C:\cv_assignment_5\images\KakaoTalk_20240530_125615705_14.jpg
3282.61157227
2024.03051758 1453.08410645
-1.09520835403 0.326767535094 0.528315521003
0.977675460506 -0.376602580453 -0.698353100996
0.064599447816 -0.185449808667 0.00969979169794
0.995171486885 0.0322477206074 -0.0925756150983 0.00484208740477
0.982812619481 -0.0156081239708 -0.183944932355
0.00366670531817 0.997873084615 -0.0650805382854
0.184569517751 0.0632875099767 0.980779449137
0
35.8875583333 128.612655556 52.8934021062

00000002.jpg
C:\cv_assignment_5\images\KakaoTalk_20240530_125615705_19.jpg
3282.61157227
2024.03051758 1453.08410645
-1.36906134325 -0.212298877482 3.02445412028
1.36906091831 0.212298999169 -3.02445395102
0 0 0
0.999999988311 0 0 0
1.00000037262 1.21309418066e-008 2.90211741305e-008
1.21309418066e-008 0.999999464196 8.11525990851e-009
2.90211741305e-008 8.11525990851e-009 1.00000006967
0.999999937563
35.8875666667 128.612641667 52.9232311659

00000003.jpg
C:\cv_assignment_5\images\KakaoTalk_20240530_125615705_17.jpg
3282.61157227
2024.03051758 1453.08410645
-4.43393364845 -0.0443863118032 5.02145615232
6.64744185655 0.788949710985 -0.256559759031
0.016989633437 0.812114264183 -0.134793461703
0.916441828276 0.00825686800823 0.394683046684 -0.0655088778568
0.679867859855 0.126587806027 0.722326189279
-0.113552497138 0.991280366102 -0.0668443715354
-0.724490022292 -0.0365766146822 0.688314272499
0.999999937563
35.8875805556 128.612625 52.8988380041

00000004.jpg
C:\cv_assignment_5\images\KakaoTalk_20240530_125615705_16.jpg
3282.61157227
2024.03051758 1453.08410645
-3.8973949215 -0.036098447874 3.21716109852
4.99165842488 0.672656094654 -0.414737189048
-0.030787078615 0.607661018343 -0.126005870924
0.952127186969 -0.0151471022504 0.298966449319 -0.0619943137475
0.813551322381 0.108995958162 0.571186266253
-0.127109928064 0.991854222319 -0.00822449401738
-0.567430071298 -0.0659123654429 0.820779175959
0.999999937563
35.8875666667 128.612655556 52.9163551402

